CLASSINFO:1
50
52
77
100
102
103
104
105
107
108
109
110
111
112
115
116
117
118
120
122
124
125
128
129
130
131
132
134
135
136
137
139
140
141
143
144
145
147
148

CLASSINFO:2
0
1
2
3
4
5
6
7
8
9
10
11
12
13
14
15
16
17
18
19
20
21
22
23
24
25
26
27
28
29
30
31
32
33
34
35
36
37
38
39
40
41
42
43
44
45
46
47
48
49

CLASSINFO:3
51
53
54
55
56
57
58
59
60
61
62
63
64
65
66
67
68
69
70
71
72
73
74
75
76
78
79
80
81
82
83
84
85
86
87
88
89
90
91
92
93
94
95
96
97
98
99
101
106
113
114
119
121
123
126
127
133
138
142
146
149



CLASSINFO:1
51
76
99
101
102
103
104
106
107
108
109
110
111
114
115
116
117
119
121
123
124
127
128
129
130
131
133
134
135
136
138
139
140
142
143
144
146
147

CLASSINFO:2
0
1
2
3
4
5
6
7
8
9
10
11
12
13
14
15
16
17
18
19
20
21
22
23
24
25
26
27
28
29
30
31
32
33
34
35
36
37
38
39
40
41
42
43
44
45
46
47
48

CLASSINFO:3
49
50
52
53
54
55
56
57
58
59
60
61
62
63
64
65
66
67
68
69
70
71
72
73
74
75
77
78
79
80
81
82
83
84
85
86
87
88
89
90
91
92
93
94
95
96
97
98
100
105
112
113
118
120
122
125
126
132
137
141
145
148



CLASSINFO:1
4
9
13
14
15
17
18
19
20

CLASSINFO:2
16
21

CLASSINFO:3
0
1
2
3
5
6
7
8
10
11
12
22
23



CLASSINFO:1
1
2
5
7
12
21

CLASSINFO:2
4
9
13
14
15
17
19

CLASSINFO:3
0
3
6
8
10
11
16
18
20
22
23



CLASSINFO:1
0
1
2
3
4
5
6
7
8
9
10
11
12
13
14
15
16
17
18
19
20
21
22
23



CLASSINFO:1
0
1
2
3
4
5
6
7
8
9
10
11
12
13
14
15
16
17
18
19
20
21
22
23



CLASSINFO:1
0
1
2
3
4
5
6
7
8
9
10
11
12
13
14
15
16
17
18
19
20
21
22
23



CLASSINFO:1
0
1
2
3
4
5
6
7
8
9
10
11
12
13
14
15
16
17
18
19
20
21
22
23



CLASSINFO:1
0
1
2
3
4
5
6
7
8
9
10
11
12
13
14
15
16
17
18
19
20
21
22
23



CLASSINFO:1
3
4
6
9
13
14
15
16
17
18
19
20
22

CLASSINFO:2
0
1
2
5
7
8
10
11
12
21
23



CLASSINFO:1
1
2
3
4
5
6
7
8
9
10
11
12
13
14
15
16
17
18
19
20
21
22
23

CLASSINFO:2
0



CLASSINFO:1
1

CLASSINFO:2
0
2
3
4
5
6
7
8
9
10
11
12
13
14
15
16
17
18
19
20
21
22
23
24



CLASSINFO:1
1
2
3
4
5
6
7
8
9
10
11
12
13
14
15
16
17
18
19
20
21
22
23
24

CLASSINFO:2
0



CLASSINFO:1
0

CLASSINFO:2
1
2
3
4
5
6
7
8
9
10
11
12
13
14
15
16
17
18
19
20
21
22
23



CLASSINFO:1
0
1
2
3
4
5
6
7
8
9
10
11
12
13
14
15
16
17
18
19
20
21
22
23
24



